TDECODER = 6.478885e-11
TWLDRV = 2.551513e-09
TWDRV = 2.512053e-11
TWRITE_Q = 3.195761e-11
TWRITE_QB = 2.825425e-11
PAVG = -1.250318e-04
PDYN = -3.848296e-03
PSTC = -1.050491e-04
