MAXVD = 5.180205e-01
HOLD_SNM = 3.662958e-01
