TVOUT_PERIOD = 1.999997e-08
PAVG = -8.590947e-05
