MAXVD = 1.285347e+00
WRITE_SNM = 9.088772e-01
