TPRCH = 4.685578e-11
TDECODER = 6.182415e-11
TWLDRV = 1.966462e-11
TWL = 3.710483e-09
TBL = 3.737993e-09
TSWING = 2.751002e-11
TSA = 3.928832e-11
TS_EN = 2.528471e-09
PAVG = -7.358380e-05
PDYN = -2.885993e-06
PSTC = -1.000000e+00
