MAXVD = 3.159317e-01
READ_SNM = 2.233974e-01
